752
753
751
754
750
749
750
749
747
747
742
742
745
735
740
738
743
748
743
743
744
742
740
735
737
738
738
740
738
739
738
734
735
735
735
736
732
732
733
734
731
732
732
732
732
719
725
723
723
720
716
718
718
720
722
719
716
718
710
712
703
711
710
717
712
712
711
711
707
707
711
710
710
714
716
714
716
714
719
716
719
714
720
716
719
717
718
721
721
719
718
715
718
3953
3941
3953
3954
3951
3954
3951
3953
3953
3953
3953
3954
3953
3954
3942
3950
3953
3954
3954
3935
3943
3952
3953
3954
3953
3953
3955
3942
3953
3953
3952
3954
3952
3951
3945
3942
3844
3912
3942
3929
3943
3943
3945
3948
3947
3945
3946
3942
3953
3950
3950
3944
3944
3943
3949
3940
599
599
590
596
604
595
601
602
603
602
597
596
598
597
596
597
596
597
599
594
598
599
598
602
604
609
610
614
608
608
611
608
612
609
612
611
610
611
609
611
610
608
610
609
605
602
600
608
606
607
603
602
604
606
604
607
605
606
610
610
614
607
608
592
607
613
608
609
605
608
606
605
599
598
604
601
601
604
603
604
604
607
602
600
604
606
610
610
608
602
608
608
606
606
608
610
610
607
608
612
608
616
612
610
611
609
610
608
607
607
609
602
606
604
607
601
602
606
603
605
601
602
604
608
606
611
612
611
608
608
610
610
607
607
610
607
608
608
608
609
609
606
605
603
603
604
603
597
608
605
606
606
609
608
606
609
609
615
609
610
609
611
612
614
610
615
617
614
614
612
613
618
616
613
617
615
622
618
618
619
619
614
611
615
615
612
614
613
621
615
591
590
595
597
604
604
612
608
609
608
614
611
613
614
616
605
616
605
604
608
599
597
595
601
604
606
605
608
604
608
604
609
609
606
628
624
624
625
628
625
628
628
629
624
632
624
626
632
624
623
621
624
624
630
624
628
624
620
620
624
622
624
620
617
616
622
617
621
617
620
622
623
620
620
600
626
612
624
632
633
628
631
620
626
624
624
626
620
621
628
627
624
624
626
628
625
626
628
628
628
628
628
632
626
624
624
621
620
614
624
621
624
620
624
628
623
624
628
626
628
627
626
632
624
626
624
624
626
620
617
620
616
616
616
618
604
576
580
601
609
614
620
620
628
636
636
636
638
640
637
640
636
638
636
636
636
632
632
630
629
628
625
624
625
632
640
644
641
644
644
644
642
644
644
642
640
641
646
641
641
640
638
641
640
640
642
636
637
640
616
621
608
572
598
608
596
593
592
588
568
578
574
569
579
573
588
584
588
592
600
581
582
578
568
590
592
602
594
594
585
584
579
573
578
572
572
577
569
572
572
580
580
578
583
584
586
588
588
588
590
589
590
588
589
592
592
598
600
604
606
605
605
604
605
607
608
608
616
612
611
614
612
606
610
620
616
612
610
615
611
610
611
614
616
609
612
612
612
612
616
613
614
612
614
616
616
614
615
620
620
612
614
616
620
613
616
613
612
609
612
613
613
616
609
608
612
612
612
612
609
608
610
611
609
611
665
97
175
101
178
173
153
179
114
166
173
173
102
94
170
178
172
121
124
140
100
132
125
179
97
161
165
173
134
121
164
91
101
187
60
184
178
140
96
100
126
179
156
125
145
168
94
108
99
103
139
148
174
168
127
111
75
116
156
133
186
126
170
66
147
90
190
160
186
78
78
66
159
143
153
178
164
147
69
67
154
176
180
143
109
127
106
147
129
179
155
171
92
94
187
69
175
178
68
80
65
173
180
187
98
64
112
184
188
180
100
97
68
92
111
106
97
108
191
159
188
82
64
80
124
154
182
65
74
86
190
188
188
75
68
64
150
142
188
140
140
140
134
154
78
111
83
183
186
178
144
82
85
164
145
75
178
185
186
131
103
120
80
141
114
161
162
192
87
67
66
151
160
144
129
132
145
92
100
92
169
186
179
92
91
104
121
164
143
168
117
150
178
172
151
97
95
140
172
159
166
132
126
120
106
153
159
178
176
135
94
115
106
158
131
183
112
136
100
92
112
180
180
116
182
152
120
182
149
166
156
158
162
107
139
110
125
166
139
160
160
122
123
124
154
152
722
722
720
714
721
713
706
711
714
716
714
702
697
691
695
691
691
696
696
706
704
709
703
711
704
713
706
714
722
708
713
717
720
716
718
716
718
722
720
723
723
721
719
724
724
719
720
714
720
718
718
723
719
721
719
717
718
714
715
718
708
710
711
708
708
704
708
707
708
706
710
705
709
707
705
704
704
701
694
693
695
696
691
692
694
695
696
692
698
692
692
689
695
691
680
682
685
686
688
685
681
683
683
680
682
688
683
684
680
681
684
682
682
684
679
682
680
676
676
672
674
666
669
669
672
672
674
668
670
668
666
670
670
664
666
663
662
658
659
662
657
660
662
655
657
659
648
651
654
654
648
644
637
643
643
638
642
645
648
642
634
630
635
632
628
621
618
616
619
621
624
627
628
628
628
628
632
629
626
630
629
626
388
389
392
386
391
390
395
392
391
395
396
394
396
396
393
396
396
399
398
396
395
398
396
400
397
398
399
399
398
402
400
398
392
392
392
383
382
381
381
382
382
380
373
374
376
376
378
382
383
386
386
386
390
388
390
390
392
392
391
389
389
393
394
395
394
388
392
396
393
394
396
399
396
396
398
391
393
393
394
392
389
392
389
394
394
394
388
384
382
377
380
380
381
380
384
383
386
382
385
388
389
382
388
392
390
391
391
394
394
390
392
388
392
391
394
392
391
388
389
388
385
381
380
376
379
376
376
375
380
384
382
386
383
386
388
390
389
388
388
387
388
386
388
388
386
384
385
384
388
388
382
384
385
386
947
942
937
938
934
934
932
928
741
737
740
737
736
735
740
737
737
736
738
735
735
735
736
733
733
736
740
738
738
740
735
732
741
741
738
730
735
737
732
731
732
739
730
732
732
732
736
736
734
731
732
730
732
734
732
733
732
732
730
728
731
728
731
729
728
733
730
731
729
731
730
730
728
728
734
728
730
730
728
733
727
730
726
727
732
728
730
729
728
728
728
728
732
728
730
732
732
728
730
729
730
720
726
726
728
724
724
723
725
723
725
721
724
727
722
724
733
732
731
729
730
732
727
728
724
732
728
730
730
732
727
733
730
730
727
730
725
724
728
728
727
730
727
729
732
729
727
726
725
726
726
732
730
727
726
730
726
724
755
755
751
752
755
752
754
755
756
751
753
754
756
755
752
757
753
756
752
756
755
754
753
756
754
753
757
756
756
754
756
756
756
757
754
754
753
756
756
761
755
755
748
750
758
756
760
756
757
758
758
756
758
757
756
754
755
758
755
755
757
756
757
756
756
759
752
757
759
756
755
758
756
759
759
758
758
755
760
757
756
755
759
752
758
756
758
753
755
756
756
755
754
756
756
754
754
753
758
760
754
756
752
753
753
756
756
756
752
756
752
757
756
752
754
754
756
752
756
762
756
755
756
757
756
756
762
754
756
756
760
755
754
755
757
762
759
757
760
753
752
756
760
754
757
756
754
751
755
756
757
756
757
755
754
754
754
755
755
753
753
755
755
755
754
759
754
758
748
759
756
753
754
754
755
754
756
756
757
748
753
769
754
757
750
758
754
754
759
756
753
757
756
754
754
754
755
752
754
754
753
752
755
756
754
755
756
754
760
759
759
756
759
757
756
756
754
753
757
750
754
755
754
755
748
756
754
757
759
755
758
758
759
757
757
756
757
757
756
759
756
759
758
759
756
759
758
756
758
758
760
760
760
758
760
757
773
759
758
755
763
763
759
762
762
758
758
754
760
755
757
756
761
762
754
755
761
758
758
757
754
756
758
756
756
756
756
756
755
756
756
763
756
756
757
754
758
756
756
756
752
758
755
759
756
760
756
756
756
753
754
755
756
756
758
756
755
755
755
756
755
760
753
757
754
756
757
756
754
755
752
751
758
756
756
756
755
756
754
756
758
753
759
753
756
755
759
758
755
755
753
756
754
754
752
756
757
755
754
752
757
753
754
754
754
754
753
756
754
754
757
756
756
754
758
755
754
756
755
754
752
756
753
753
754
754
753
754
750
754
756
756
755
756
754
751
750
752
751
752
756
755
752
756
754
753
756
750
752
749
755
752
754
752
752
756
755
754
754
755
755
754
756
754
754
754
756
756
754
754
758
750
755
754
753
756
750
759
757
752
753
758
756
755
754
754
755
754
756
755
756
756
755
756
760
755
752
756
750
756
756
760
758
759
756
758
756
756
757
760
759
758
757
775
755
757
757
759
758
756
756
758
759
756
758
757
757
758
757
757
757
760
756
757
758
756
758
761
762
756
760
759
758
762
757
761
759
760
759
760
757
758
765
756
758
758
759
760
758
757
758
763
759
759
762
757
768
766
777
780
788
791
801
804
811
814
815
814
816
818
816
815
813
814
813
814
812
811
810
812
811
814
808
810
806
805
804
804
803
802
801
802
799
798
798
801
799
801
797
794
797
794
794
795
