752
753
751
754
750
749
750
749
747
747
742
742
745
735
740
738
743
748
743
743
744
742
740
735
737
738
738
740
738
739
738
734
735
735
735
736
732
732
733
734
731
732
732
732
732
719
725
723
723
720
716
718
718
720
722
719
716
718
710
712
703
711
710
717
712
712
711
711
707
707
711
710
710
714
716
714
716
714
719
716
719
714
720
716
719
717
718
721
721
719
718
715
718
3953
3941
3953
3954
3951
3954
3951
3953
3953
3953
3953
3954
3953
3954
3942
3950
3953
3954
3954
3935
3943
3952
3953
3954
3953
3953
3955
3942
3953
3953
3952
3954
3952
3951
3945
3942
3844
3912
3942
3929
3943
3943
3945
3948
3947
3945
3946
3942
3953
3950
3950
3944
3944
3943
3949
3940
599
599
590
596
604
595
601
602
603
602
597
596
598
597
596
597
596
597
599
594
598
599
598
602
604
609
610
614
608
608
611
608
612
609
612
611
610
611
609
611
610
608
610
609
605
602
600
608
606
607
603
602
604
606
604
607
605
606
610
610
614
607
608
592
607
613
608
609
605
608
606
605
599
598
604
601
601
604
603
604
604
607
602
600
604
606
610
610
608
602
608
608
606
606
608
610
610
607
608
612
608
616
612
610
611
609
610
608
607
607
609
602
606
604
607
601
602
606
603
605
601
602
604
608
606
611
612
611
608
608
610
610
607
607
610
607
608
608
608
609
609
606
605
603
603
604
603
597
608
605
606
606
609
608
606
609
609
615
609
610
609
611
612
614
610
615
617
614
614
612
613
618
616
613
617
615
622
618
618
619
619
614
611
615
615
612
614
613
621
615
628
620
621
620
620
621
620
624
626
617
620
620
624
625
624
629
620
622
624
616
616
638
616
635
632
629
627
626
626
626
618
625
625
630
631
629
631
628
618
624
623
583
568
586
583
586
594
600
598
601
603
610
613
616
604
526
470
430
423
448
467
492
512
524
543
562
574
581
594
603
628
616
640
632
631
642
641
649
646
659
655
654
655
653
706
705
708
708
708
708
710
707
701
706
706
705
704
704
706
702
704
699
702
698
701
701
702
698
700
698
700
692
697
696
698
691
695
693
692
696
689
691
687
690
689
690
689
687
691
684
683
685
680
685
684
676
680
680
679
684
679
683
682
681
678
677
683
677
680
676
677
675
675
675
677
677
671
673
668
670
666
669
668
670
671
672
670
666
660
670
668
666
665
665
666
665
660
667
665
670
667
662
669
663
671
660
661
660
660
662
662
660
664
660
659
658
659
664
654
659
655
656
659
658
656
661
657
659
657
658
660
657
658
659
656
665
671
671
672
678
673
670
672
642
647
645
644
647
642
646
644
646
646
647
646
648
645
644
645
647
644
646
642
642
646
641
642
646
644
644
644
644
644
644
643
641
647
642
642
646
645
644
643
639
644
642
642
640
642
638
640
640
642
642
642
642
642
637
639
642
643
636
642
637
639
640
634
634
642
639
638
636
637
638
636
638
634
637
640
636
638
632
632
637
641
638
639
641
636
637
637
635
641
639
638
636
634
630
635
634
636
636
634
624
627
591
596
604
610
620
620
624
629
630
635
640
641
642
647
648
644
644
647
647
651
