752
753
751
754
750
749
750
749
747
747
742
742
745
735
740
738
743
748
743
743
744
742
740
735
737
738
738
740
738
739
738
734
735
735
735
736
732
732
733
734
731
732
732
732
732
719
725
723
723
720
716
718
718
720
722
719
716
718
710
712
703
711
710
717
712
712
711
711
707
707
711
710
710
714
716
714
716
714
719
716
719
714
720
716
719
717
718
721
721
719
718
715
718
3953
3941
3953
3954
3951
3954
3951
3953
3953
3953
3953
3954
3953
3954
3942
3950
3953
3954
3954
3935
3943
3952
3953
3954
3953
3953
3955
3942
3953
3953
3952
3954
3952
3951
3945
3942
3844
3912
3942
3929
3943
3943
3945
3948
3947
3945
3946
3942
3953
3950
3950
3944
3944
3943
3949
3940
599
599
590
596
604
595
601
602
603
602
597
596
598
597
596
597
596
597
599
594
598
599
598
602
604
609
610
614
608
608
611
608
612
609
612
611
610
611
609
611
610
608
610
609
605
602
600
608
606
607
603
602
604
606
604
607
605
606
610
610
614
607
608
592
607
613
608
609
605
608
606
605
599
598
604
601
601
604
603
604
604
607
602
600
604
606
610
610
608
602
608
608
606
606
608
610
610
607
608
612
608
616
612
610
611
609
610
608
607
607
609
602
606
604
607
601
602
606
603
605
601
602
604
608
606
611
612
611
608
608
610
610
607
607
610
607
608
608
608
609
609
606
605
603
603
604
603
597
608
605
606
606
609
608
606
609
609
615
609
610
609
611
612
614
610
615
617
614
614
612
613
618
616
613
617
615
622
618
618
619
619
614
611
615
615
612
614
613
621
615
628
620
621
620
620
621
620
624
626
617
620
620
624
625
624
629
620
622
624
616
616
638
616
635
632
629
627
626
626
626
618
625
625
630
631
629
631
628
618
624
623
583
568
586
583
586
594
600
598
601
603
610
613
616
604
526
470
430
423
448
467
492
512
524
543
562
574
581
594
603
628
616
640
632
631
642
641
649
646
659
655
654
655
653
721
720
716
716
718
720
715
714
714
712
712
714
710
718
716
710
707
709
703
703
700
701
701
702
701
700
700
699
700
698
698
697
701
700
698
697
696
696
702
696
696
696
695
695
696
696
680
678
678
676
675
676
679
679
674
674
674
674
677
674
673
673
673
675
672
672
668
672
669
668
668
668
671
671
667
663
670
668
671
671
668
667
667
666
669
669
664
666
666
663
666
664
666
664
665
664
664
667
663
662
663
663
661
660
660
662
654
656
662
659
664
659
660
660
657
660
658
658
659
656
659
662
659
662
657
657
657
656
656
656
656
656
656
655
659
655
654
658
654
655
652
655
655
656
655
654
656
653
656
654
654
656
652
653
655
650
964
958
956
956
955
955
954
952
952
953
952
953
950
948
949
950
947
947
943
946
941
944
945
939
942
941
937
939
937
938
938
815
809
813
809
811
811
810
810
808
810
809
808
812
809
805
772
745
753
742
746
710
713
727
741
753
763
769
774
780
784
791
795
799
802
812
805
776
768
728
742
756
766
774
780
787
791
743
693
714
727
743
756
764
774
779
786
793
796
802
804
806
809
800
754
761
769
780
783
792
796
798
801
806
806
809
809
810
811
810
809
810
808
810
809
814
810
808
808
806
809
808
807
804
804
805
807
805
802
801
804
800
803
800
798
799
796
796
795
794
793
793
790
793
792
789
788
790
785
784
784
786
796
787
785
787
965
959
956
956
949
947
944
942
938
937
934
934
932
929
925
923
920
917
915
914
911
910
902
906
902
900
901
899
894
891
887
887
885
884
882
879
890
878
879
878
872
873
871
864
867
866
865
866
863
860
861
861
859
854
850
851
850
844
846
846
843
846
850
843
843
842
837
836
842
838
842
832
832
832
828
394
397
396
395
398
395
396
394
394
396
399
396
395
395
395
394
395
397
392
394
395
397
399
397
395
392
393
394
394
394
394
392
394
394
394
394
394
392
392
392
394
392
392
392
396
395
394
392
393
396
395
394
391
391
395
391
392
392
394
392
390
392
389
392
390
390
391
396
389
390
389
388
391
390
388
389
391
390
390
390
388
389
388
388
391
390
388
390
388
389
389
388
393
389
390
388
388
390
388
388
388
388
388
388
390
388
388
387
388
389
359
363
363
360
361
361
360
359
348
346
344
344
350
347
346
347
346
348
344
347
348
347
351
347
348
350
349
347
346
345
348
350
346
346
346
345
348
348
347
352
351
350
346
347
348
347
346
347
344
344
350
348
346
346
348
348
345
346
347
347
349
346
346
347
348
350
348
346
347
346
346
348
348
346
347
347
349
349
347
348
348
348
345
345
347
347
346
346
345
351
349
351
349
347
348
349
346
352
363
351
355
352
344
347
349
351
346
351
351
352
352
352
353
349
351
354
351
355
350
352
350
352
353
351
355
349
352
354
352
352
351
354
351
356
352
350
357
352
355
353
354
354
354
356
354
356
353
357
354
358
358
356
356
356
358
360
362
367
372
374
380
383
382
382
385
384
388
394
392
392
390
391
389
387
389
386
383
379
382
375
378
377
378
377
373
372
372
372
374
368
370
370
368
369
367
364
371
364
367
366
366
365
364
362
366
363
362
363
364
362
362
362
360
364
360
364
359
359
361
360
360
361
360
360
360
358
360
358
359
359
359
356
359
356
356
358
354
357
353
359
359
355
356
355
353
356
355
356
359
353
355
358
356
356
354
358
356
355
359
358
357
356
359
357
358
358
356
358
357
356
358
361
360
359
360
363
363
364
365
366
367
365
369
370
372
374
372
369
373
374
376
376
377
376
376
378
378
378
384
383
385
386
386
387
387
391
388
393
394
394
396
394
397
396
398
393
394
396
393
396
390
391
388
388
388
386
385
385
382
384
384
381
382
384
382
380
380
378
382
378
380
380
378
379
380
376
377
376
373
374
375
377
375
373
375
374
375
375
375
376
374
374
374
369
368
368
372
372
368
372
369
372
372
370
372
370
371
365
365
364
365
367
365
364
365
365
365
367
367
365
367
367
366
368
365
367
367
366
366
366
363
361
364
364
364
362
367
367
365
367
363
365
364
367
367
366
365
364
367
367
365
366
365
365
364
367
364
366
368
369
370
370
366
366
364
364
366
369
372
375
375
378
383
387
394
395
396
394
398
400
400
403
403
404
406
406
406
401
403
403
396
401
399
400
399
400
398
402
400
402
405
404
406
407
412
407
406
403
404
403
400
411
398
396
396
392
394
392
391
390
390
387
388
390
388
385
387
381
386
384
381
382
382
381
380
381
378
379
377
376
374
375
376
375
374
374
374
374
375
375
372
374
375
372
372
376
374
374
372
373
372
372
372
372
373
372
367
366
349
359
359
362
355
361
