752
753
751
754
750
749
750
749
747
747
742
742
745
735
740
738
743
748
743
743
744
742
740
735
737
738
738
740
738
739
738
734
735
735
735
736
732
732
733
734
731
732
732
732
732
719
725
723
723
720
716
718
718
720
722
719
716
718
710
712
703
711
710
717
712
712
711
711
707
707
711
710
710
714
716
714
716
714
719
716
719
714
720
716
719
717
718
721
721
719
718
715
718
3953
3941
3953
3954
3951
3954
3951
3953
3953
3953
3953
3954
3953
3954
3942
3950
3953
3954
3954
3935
3943
3952
3953
3954
3953
3953
3955
3942
3953
3953
3952
3954
3952
3951
3945
3942
3844
3912
3942
3929
3943
3943
3945
3948
3947
3945
3946
3942
3953
3950
3950
3944
3944
3943
3949
3940
599
599
590
596
604
595
601
602
603
602
597
596
598
597
596
597
596
597
599
594
598
599
598
602
604
609
610
614
608
608
611
608
612
609
612
611
610
611
609
611
610
608
610
609
605
602
600
608
606
607
603
602
604
606
604
607
605
606
610
610
614
607
608
592
607
613
608
609
605
608
606
605
599
598
604
601
601
604
603
604
604
607
602
600
604
606
610
610
608
602
608
608
606
606
608
610
610
607
608
612
608
616
612
610
611
609
610
608
607
607
609
602
606
604
607
601
602
606
603
605
601
602
604
608
606
611
612
611
608
608
610
610
607
607
610
607
608
608
608
609
609
606
605
603
603
604
603
597
608
605
606
606
609
608
606
609
609
615
609
610
609
611
612
614
610
615
617
614
614
612
613
618
616
613
617
615
622
618
618
619
619
614
611
615
615
612
614
613
621
615
591
590
595
597
604
604
612
608
609
608
614
611
613
614
616
605
616
605
604
608
599
597
595
601
604
606
605
608
604
608
604
609
609
606
628
624
624
625
628
625
628
628
629
624
632
624
626
632
624
623
621
624
624
630
624
628
624
620
620
624
622
624
620
617
616
622
617
621
617
620
622
623
620
620
600
626
612
624
632
633
628
631
620
626
624
624
626
620
621
628
627
624
624
626
628
625
626
628
628
628
628
628
632
626
624
624
621
620
614
624
621
624
620
624
628
623
624
628
626
628
627
626
632
624
626
624
624
626
620
617
620
616
616
616
618
604
576
580
601
609
614
620
620
628
636
636
636
638
640
637
640
636
638
636
636
636
632
632
630
629
628
625
624
625
632
640
644
641
644
644
644
642
644
644
642
640
641
646
641
641
640
638
641
640
640
642
636
637
640
616
621
608
572
598
608
596
593
592
588
568
578
574
569
579
573
588
584
588
592
600
581
582
578
568
590
592
602
594
594
585
584
579
573
578
572
572
577
569
572
572
580
580
578
583
584
586
588
588
588
590
589
590
588
589
592
592
598
600
604
606
605
605
604
605
607
608
608
616
612
611
614
612
606
610
620
616
612
610
615
611
610
611
614
616
609
612
612
612
612
616
613
614
612
614
616
616
614
615
620
620
612
614
616
620
613
616
613
612
609
612
613
613
616
609
608
612
612
612
612
609
608
610
611
609
611
665
97
175
101
178
173
153
179
114
166
173
173
102
94
170
178
172
121
124
140
100
132
125
179
97
161
165
173
134
121
164
91
101
187
60
184
178
140
96
100
126
179
156
125
145
168
94
108
99
103
139
148
174
168
127
111
75
116
156
133
186
126
170
66
147
90
190
160
186
78
78
66
159
143
153
178
164
147
69
67
154
176
180
143
109
127
106
147
129
179
155
171
92
94
187
69
175
178
68
80
65
173
180
187
98
64
112
184
188
180
100
97
68
92
111
106
97
108
191
159
188
82
64
80
124
154
182
65
74
86
190
188
188
75
68
64
150
142
188
140
140
140
134
154
78
111
83
183
186
178
144
82
85
164
145
75
178
185
186
131
103
120
80
141
114
161
162
192
87
67
66
151
160
144
129
132
145
92
100
92
169
186
179
92
91
104
121
164
143
168
117
150
178
172
151
97
95
140
172
159
166
132
126
120
106
153
159
178
176
135
94
115
106
158
131
183
112
136
100
92
112
180
180
116
182
152
120
182
149
166
156
158
162
107
139
110
125
166
139
160
160
122
123
124
154
152
722
722
720
714
721
713
706
711
714
716
714
702
697
691
695
691
691
696
696
706
704
709
703
711
704
713
706
714
722
708
713
717
720
716
718
716
718
722
720
723
723
721
719
724
724
719
720
714
720
718
718
723
719
721
719
717
718
714
715
718
708
710
711
708
708
704
708
707
708
706
710
705
709
707
705
704
704
701
694
693
695
696
691
692
694
695
696
692
698
692
692
689
695
691
680
682
685
686
688
685
681
683
683
680
682
688
683
684
680
681
684
682
682
684
679
682
680
676
676
672
674
666
669
669
672
672
674
668
670
668
666
670
670
664
666
663
662
658
659
662
657
660
662
655
657
659
648
651
654
654
648
644
637
643
643
638
642
645
648
642
634
630
635
632
628
621
618
616
619
621
624
627
628
628
628
628
632
629
626
630
629
626
467
467
470
468
466
470
467
464
462
467
467
466
463
461
462
458
461
463
467
463
467
470
460
460
466
470
467
469
469
472
475
470
462
468
467
469
467
462
458
464
460
454
459
458
461
458
456
458
463
459
460
467
460
446
452
449
454
460
455
452
452
457
455
453
448
450
448
451
454
448
445
442
434
436
440
445
447
452
448
443
439
432
431
431
428
435
434
432
439
442
445
445
440
440
447
444
443
442
435
441
440
447
441
441
445
444
445
443
438
438
435
434
434
432
435
439
440
443
440
436
437
440
440
439
442
436
446
444
444
448
446
446
450
454
455
455
452
452
454
452
454
454
455
450
454
456
454
454
457
460
456
458
458
459
456
455
452
453
450
458
483
456
452
453
458
454
454
454
456
455
459
457
456
454
444
451
442
438
439
439
436
439
438
438
438
436
434
436
438
440
442
445
442
436
437
443
439
438
439
438
438
438
439
436
441
442
442
435
438
432
431
428
424
418
418
414
417
418
420
424
422
424
430
423
425
417
412
408
410
408
408
403
400
403
401
403
402
408
408
410
412
410
408
404
409
410
410
416
418
416
414
414
416
422
407
400
404
392
406
407
405
403
404
408
412
414
414
404
405
414
414
418
417
416
417
422
423
424
423
424
427
424
431
427
430
429
432
430
429
428
431
426
428
426
425
424
425
426
431
427
428
430
428
428
426
428
428
430
424
427
426
428
428
426
423
422
426
426
422
425
424
423
427
424
424
426
426
426
429
423
423
427
424
420
420
424
420
423
420
418
424
425
418
420
417
420
414
414
413
415
414
415
412
408
410
403
404
404
406
408
408
410
404
410
411
404
406
408
411
415
407
415
408
413
410
402
405
403
404
404
404
406
411
415
408
406
404
407
407
409
412
412
413
410
409
414
410
412
412
414
410
413
416
428
423
417
420
417
418
415
414
416
418
414
410
409
408
405
412
410
409
411
415
414
412
412
417
414
415
416
414
415
413
412
409
411
413
413
406
410
408
405
410
410
410
411
402
400
403
402
404
404
406
398
408
406
402
403
404
405
403
406
405
417
410
413
412
410
414
411
411
414
404
407
405
406
409
403
400
406
406
408
406
409
962
954
948
946
943
936
929
926
925
917
917
911
909
904
900
895
894
889
883
883
878
875
871
868
866
861
859
854
842
846
845
840
839
834
835
832
828
826
823
817
816
818
809
809
809
805
804
800
798
798
790
793
789
789
786
780
778
776
775
772
771
767
760
762
763
762
762
755
752
750
744
742
740
735
732
735
730
723
730
725
726
722
715
717
717
715
715
714
710
708
706
706
703
703
700
698
698
694
695
689
691
690
691
688
684
682
683
678
680
678
675
674
668
670
667
667
662
663
660
658
659
656
658
658
656
654
655
652
655
650
652
653
643
649
646
644
645
642
641
640
638
636
631
631
624
622
627
624
624
624
616
621
620
623
621
620
626
621
620
617
403
403
402
403
404
402
406
404
404
403
404
401
407
406
400
407
403
404
406
405
407
408
406
406
406
405
406
405
404
404
404
404
404
404
404
406
404
400
402
401
402
400
402
397
402
402
399
398
402
398
402
400
400
400
394
400
399
397
399
399
402
396
398
396
399
400
398
399
401
401
400
400
400
400
399
396
400
402
396
398
400
396
398
401
399
398
400
396
399
